1111111111111111111111111111
1P00000000000110000000000001
1011010111110110111110101101
1010010100010110100010100101
1011010100110110100110101101
1000000000000000000000000001
1011110110111111110110111101
1011110110111111110110111101
1000000110000110000110000001
1111110111110110111110111111
1000010111110110111110100001
1000010110000000000110100001
1000010110111001110110100001
1000000110100000010110000001
1000000000100000010000000001
1000010110100000010110100001
1000010110111111110110100001
100001011C000000000110100001
1000010110111111110110100001
1111110110111111110110111111
1000000000000110000000000001
1011110111110110111110111101
1011110111110110111110111101
1000110000000000000000110001
1110110110111111110110110111
1110110110111111110110110111
1000000110000110000110000001
1011111111110110111111111101
1000000000000000000000000001
1111111111111111111111111111